0.971994 -0.655618 0.790818
3.76796 3.48957 0.790818
6.20938 1.84281 0.218391
3.41341 -2.30237 0.218391
3.41341 -2.30237 0.218391
0.971994 -0.655618 0.790818
2.2375 -1.50921 8.64384
5.03346 2.63598 8.64384
3.76796 3.48957 0.790818
5.03346 2.63598 8.64384
5.03346 2.63598 8.64384
7.47488 0.989221 8.07141
6.20938 1.84281 0.218391
7.47488 0.989221 8.07141
4.67891 -3.15597 8.07141
3.41341 -2.30237 0.218391
4.67891 -3.15597 8.07141
2.2375 -1.50921 8.64384
0.971994 -0.655618 0.790818
0.971994 -0.655618 0.790818
